     0/199     7.38G      5.14      5.18         0      10.3        10       512         0         0  0.000412         0      5.51      3.62         0
     1/199     7.38G      4.25      3.71         0      7.96         6       512         0         0   0.00352         0      5.21       2.7         0
     2/199     7.38G      3.56      3.03         0      6.59        15       512         0         0   0.00399         0      4.26      2.16         0
     3/199     7.38G      2.84       2.7         0      5.54        11       512         0         0    0.0547         0      3.62      1.79         0
     4/199     7.38G      2.85      2.53         0      5.38        11       512         1    0.0357     0.402     0.069      3.59      1.47         0
     5/199     6.97G      2.86      2.23         0      5.09        10       512         1    0.0357     0.441     0.069      3.97      1.29         0
     6/199     6.97G      3.39      1.99         0      5.37        12       512      0.54    0.0859     0.467     0.148      4.32      1.15         0
     7/199     6.97G      2.65      1.71         0      4.36        10       512     0.507     0.321     0.405     0.393      4.05      1.08         0
     8/199     6.97G      2.62      1.62         0      4.24         7       512     0.318     0.393     0.332     0.352      4.27      1.05         0
     9/199     6.97G      3.45      1.58         0      5.03         8       512     0.305     0.393     0.255     0.344      4.08      1.01         0
    10/199     6.97G       3.1      1.52         0      4.63        12       512     0.194      0.25      0.14     0.218      4.67     0.985         0
    11/199     6.97G      2.92      1.36         0      4.28         9       512     0.269     0.473     0.233     0.343      3.65     0.978         0
    12/199     6.97G      3.08      1.41         0      4.49         9       512     0.333       0.5     0.278       0.4      3.83     0.934         0
    13/199     6.97G      2.48      1.34         0      3.82        13       512     0.413       0.5     0.365     0.453       3.9     0.859         0
    14/199     6.97G      2.58      1.22         0       3.8        12       512     0.489      0.58     0.485      0.53      3.74     0.759         0
    15/199     6.97G      2.43      1.15         0      3.58         8       512     0.549     0.571     0.548      0.56         4     0.751         0
    16/199     6.97G      2.53      1.17         0      3.69        13       512     0.661     0.607     0.675     0.633      3.52     0.766         0
    17/199     6.97G       1.9      1.06         0      2.96         8       512     0.514     0.492     0.539     0.503      3.87     0.775         0
    18/199     6.97G       2.8      1.08         0      3.88         8       512     0.462     0.571     0.566     0.511      4.26     0.734         0
    19/199     6.97G      2.37      1.11         0      3.48         9       512     0.584     0.643     0.619     0.612      3.48      0.72         0
    20/199     6.97G      2.49     0.988         0      3.48        10       512     0.711     0.614      0.69     0.659      3.73     0.776         0
    21/199     6.97G      1.96         1         0      2.97        11       512      0.69      0.75     0.721     0.719       3.7     0.702         0
    22/199     6.97G      2.31      1.03         0      3.34        11       512     0.695     0.651     0.683     0.672       3.3     0.706         0
    23/199     6.97G      2.76     0.938         0       3.7        11       512     0.642     0.641     0.653     0.642      3.59     0.683         0
    24/199     6.97G      2.24     0.907         0      3.15         9       512     0.579     0.643     0.678     0.609       3.4     0.704         0
    25/199     6.97G      2.03     0.876         0      2.91         6       512     0.592     0.714     0.609     0.648      3.64     0.733         0
    26/199     6.97G      1.78     0.916         0       2.7        14       512     0.478      0.75     0.641     0.584       3.5      0.75         0
    27/199     6.97G      1.81     0.873         0      2.69        10       512     0.517     0.679       0.6     0.587       3.5     0.721         0
    28/199     6.97G      1.66     0.856         0      2.52        12       512     0.501     0.786     0.584     0.612      3.42     0.742         0
    29/199     6.97G      2.46     0.833         0      3.29        10       512     0.558      0.75     0.516      0.64      3.62      0.73         0
    30/199     6.97G         2     0.833         0      2.83        12       512     0.704      0.75     0.703     0.727      3.36     0.727         0
    31/199     6.97G      2.24      0.86         0       3.1        13       512     0.647      0.72     0.721     0.681      3.38     0.709         0
    32/199     6.97G      1.97     0.779         0      2.75         8       512     0.748     0.607     0.678      0.67      3.33      0.78         0
    33/199     6.97G      2.04     0.842         0      2.89        11       512     0.714     0.536     0.661     0.612      3.72      0.77         0
    34/199     6.97G       2.6       0.8         0       3.4        10       512     0.941     0.568     0.759     0.709      3.26     0.875         0
    35/199     6.97G      2.39     0.737         0      3.13        10       512     0.945     0.613     0.761     0.743      3.56     0.781         0
    36/199     6.97G      2.61     0.766         0      3.38         7       512     0.668     0.679      0.69     0.673      3.51     0.783         0
    37/199     6.97G       1.9     0.702         0       2.6         7       512     0.682     0.612     0.641     0.645      3.76     0.801         0
    38/199     6.97G      2.15     0.671         0      2.83         9       512     0.715     0.679     0.613     0.696      3.72     0.754         0
    39/199     6.97G      2.47      0.74         0      3.21         8       512      0.91     0.722     0.773     0.805      3.56     0.811         0
    40/199     6.97G      1.49     0.694         0      2.19        10       512     0.794     0.413     0.566     0.544      3.83     0.929         0
    41/199     6.97G      1.44     0.653         0      2.09        11       512     0.791     0.674     0.676     0.728      3.62     0.758         0
    42/199     6.97G      2.39     0.723         0      3.11         8       512     0.703     0.714     0.642     0.709      3.79      0.77         0
    43/199     6.97G      2.21      0.65         0      2.86        11       512     0.784     0.778      0.76     0.781      3.39     0.779         0
    44/199     6.97G      1.99     0.685         0      2.67         9       512     0.827     0.685     0.756     0.749      3.42     0.808         0
    45/199     6.97G      1.94     0.667         0      2.61        13       512     0.874     0.643     0.772     0.741      3.55     0.814         0
    46/199     6.97G       1.9     0.682         0      2.58        14       512     0.801     0.717     0.758     0.757      3.45     0.751         0
    47/199     6.97G      1.71     0.653         0      2.36        13       512     0.799      0.75      0.75     0.774      3.52     0.717         0
    48/199     6.97G      2.51     0.634         0      3.14         5       512     0.709     0.714     0.731     0.711      3.35      0.78         0
    49/199     6.97G      1.62     0.617         0      2.24         9       512     0.832     0.706     0.739     0.764      3.62     0.771         0
    50/199     6.97G      1.92      0.67         0      2.59        11       512      0.79     0.643     0.707     0.709      3.54     0.766         0
    51/199     6.97G      2.04     0.685         0      2.73        13       512     0.812     0.714     0.738      0.76      3.29      0.76         0
    52/199     6.97G      2.68      0.67         0      3.35         9       512     0.857      0.75     0.753       0.8      3.39     0.719         0
    53/199     6.97G      2.42     0.602         0      3.02         9       512     0.861      0.75     0.781     0.802      3.44     0.718         0
    54/199     6.97G      2.02     0.611         0      2.63        11       512     0.855      0.75     0.773     0.799      3.51     0.718         0
    55/199     6.97G      1.72     0.623         0      2.35         9       512     0.828      0.75     0.782     0.787      3.46     0.678         0
    56/199     6.97G      2.02     0.642         0      2.66         9       512     0.787      0.75     0.775     0.768      3.35     0.644         0
    57/199     6.97G      1.49     0.597         0      2.09        10       512     0.887     0.786     0.783     0.833      3.22     0.658         0
    58/199     6.97G      1.21     0.578         0      1.79        10       512     0.922     0.786     0.779     0.848       3.2     0.697         0
    59/199     6.97G      2.13     0.534         0      2.66         9       512     0.902     0.786     0.806      0.84       3.1     0.679         0
    60/199     6.97G      1.14     0.543         0      1.68        13       512     0.931      0.75     0.831     0.831      3.13     0.693         0
    61/199     6.97G      1.76      0.56         0      2.32         7       512      0.91     0.679     0.812     0.777       3.3     0.696         0
    62/199     6.97G      1.34     0.557         0      1.89         7       512     0.868     0.679     0.797     0.762      3.18     0.689         0
    63/199     6.97G      1.45      0.47         0      1.92         7       512     0.854     0.643     0.701     0.734      3.63     0.713         0
    64/199     6.97G      1.93     0.522         0      2.45         9       512     0.885     0.643      0.77     0.745      3.52     0.757         0
    65/199     6.97G      1.36     0.579         0      1.94        11       512     0.862     0.671     0.807     0.755      3.18       0.7         0
    66/199     6.97G         2     0.506         0       2.5         9       512     0.836     0.607     0.754     0.704      3.42     0.796         0
    67/199     6.97G      1.35     0.534         0      1.88         8       512         1     0.586     0.811     0.739      3.16      0.82         0
    68/199     6.97G      1.66     0.529         0      2.19         9       512     0.887     0.563     0.728     0.689      3.25      0.75         0
    69/199     6.97G       1.3      0.52         0      1.82         9       512     0.938     0.545     0.784      0.69      3.28      0.77         0
    70/199     6.97G      1.28     0.547         0      1.82        11       512     0.838     0.536     0.747     0.654      3.32     0.738         0
    71/199     6.97G      1.03     0.505         0      1.54        10       512     0.921     0.643     0.727     0.757      3.37     0.757         0
    72/199     6.97G      2.74     0.537         0      3.28        10       512     0.874     0.643     0.676     0.741      3.48     0.794         0
    73/199     6.97G      1.91     0.514         0      2.42        11       512     0.257     0.679     0.521     0.373      3.56     0.839         0
    74/199     6.97G      1.34     0.512         0      1.85        10       512     0.211     0.679     0.415     0.322      3.37      0.81         0
    75/199     6.97G      1.29     0.474         0      1.76         9       512     0.205     0.679     0.319     0.315      3.22     0.774         0
    76/199     6.97G      1.39     0.461         0      1.86         7       512     0.289     0.679     0.481     0.405      3.31     0.742         0
    77/199     6.97G     0.909      0.46         0      1.37        11       512      0.43     0.679     0.669     0.527      3.23     0.707         0
    78/199     6.97G      1.44       0.5         0      1.94        10       512     0.838     0.679     0.716      0.75      3.27     0.622         0
    79/199     6.97G      1.87     0.452         0      2.32         8       512      0.83     0.699     0.756     0.759      3.31     0.612         0
    80/199     6.97G     0.971     0.468         0      1.44        10       512     0.863     0.675     0.734     0.757      3.39     0.649         0
    81/199     6.97G      1.32     0.459         0      1.78         9       512     0.857     0.679      0.73     0.757      3.22     0.667         0
    82/199     6.97G     0.937     0.454         0      1.39        11       512     0.859     0.679     0.744     0.758      3.23     0.663         0
    83/199     6.97G      1.77     0.432         0       2.2        10       512     0.886     0.679     0.745     0.768      3.31     0.659         0
    84/199     6.97G     0.869     0.467         0      1.34        10       512     0.954     0.736     0.819     0.831      3.19     0.646         0
    85/199     6.97G      1.42     0.473         0      1.89        12       512     0.952     0.714     0.817     0.816      3.11     0.639         0
    86/199     6.97G      1.41     0.434         0      1.84        10       512     0.906     0.688     0.768     0.782      3.15     0.621         0
    87/199     6.97G      2.14     0.438         0      2.58        12       512     0.951     0.687     0.796     0.797       3.2     0.657         0
    88/199     6.97G      1.17     0.417         0      1.59         9       512         1     0.178     0.594     0.302      3.33      1.12         0
    89/199     6.97G       1.2     0.502         0       1.7         6       512         1     0.297     0.577     0.458      3.56      1.12         0
    90/199     6.97G      1.29     0.571         0      1.87        11       512     0.803     0.357     0.493     0.494      3.66     0.883         0
    91/199     6.97G      1.24     0.542         0      1.78        12       512     0.453     0.536     0.541     0.491      3.51     0.779         0
    92/199     6.97G      1.48     0.479         0      1.96         9       512     0.679     0.607     0.631     0.641      3.39     0.622         0
    93/199     6.97G      1.77     0.516         0      2.29        13       512     0.652     0.607     0.626     0.629      3.49     0.611         0
    94/199     6.97G     0.927     0.512         0      1.44        11       512     0.657     0.607     0.604     0.631       3.5     0.617         0
    95/199     6.97G      1.26     0.498         0      1.76         8       512     0.713     0.621     0.635     0.664      3.41     0.595         0
    96/199     6.97G      1.15     0.442         0       1.6         8       512     0.794      0.69     0.716     0.739      3.33     0.619         0
    97/199     6.97G     0.898     0.478         0      1.38        10       512     0.828     0.643     0.638     0.724      3.34     0.638         0
    98/199     6.97G      1.16     0.466         0      1.62        10       512     0.841     0.643     0.707     0.729      3.28     0.651         0
    99/199     6.97G      1.87     0.539         0      2.41         8       512     0.907     0.701     0.754     0.791      3.23     0.641         0
   100/199     6.97G       1.5     0.496         0      1.99         9       512     0.892     0.714     0.757     0.793      3.29     0.603         0
   101/199     6.97G      1.99      0.49         0      2.48         8       512     0.878     0.714     0.752     0.788      3.36     0.579         0
   102/199     6.97G      1.68     0.491         0      2.17        10       512     0.868     0.714     0.706     0.784      3.49     0.577         0
   103/199     6.97G      1.45     0.451         0       1.9        14       512     0.857     0.714     0.707     0.779      3.42     0.589         0
   104/199     6.97G      1.12      0.42         0      1.54         7       512     0.837     0.679      0.65     0.749      3.38     0.609         0
   105/199     6.97G      1.11      0.48         0      1.59        10       512     0.784     0.679     0.668     0.727      3.31      0.61         0
   106/199     6.97G       1.6     0.457         0      2.06        15       512      0.79     0.679     0.677      0.73      3.29     0.623         0
   107/199     6.97G      1.42     0.452         0      1.87        12       512       0.8     0.679     0.677     0.734      3.16     0.625         0
   108/199     6.97G      1.11     0.421         0      1.53        10       512     0.839     0.679     0.672      0.75      3.16     0.646         0
   109/199     6.97G      1.62     0.386         0         2         9       512     0.851     0.679     0.674     0.755       3.2      0.64         0
   110/199     6.97G      1.05     0.401         0      1.45        10       512     0.817     0.679     0.676     0.741      3.18     0.628         0
   111/199     6.97G      1.31     0.407         0      1.72         8       512     0.805     0.679     0.672     0.736      3.18     0.598         0
   112/199     6.97G      1.61     0.335         0      1.95         8       512     0.802     0.679     0.671     0.735       3.3     0.584         0
   113/199     6.97G       1.3     0.388         0      1.68        10       512     0.833     0.711     0.697     0.767      3.25     0.594         0
   114/199     6.97G      1.29     0.368         0      1.66        10       512     0.774     0.679     0.659     0.723       3.3     0.582         0
   115/199     6.97G      1.83     0.403         0      2.23        14       512     0.852      0.75     0.752     0.798      3.24     0.595         0
   116/199     6.97G     0.734     0.379         0      1.11        11       512     0.814     0.714      0.68     0.761      3.22     0.586         0
   117/199     6.97G         1     0.442         0      1.44        14       512     0.858      0.75     0.746       0.8      3.23      0.58         0
   118/199     6.97G     0.989     0.368         0      1.36        10       512     0.851      0.75     0.743     0.797       3.2     0.586         0
   119/199     6.97G      1.26     0.402         0      1.67        12       512     0.851      0.75     0.723     0.797      3.19     0.589         0
   120/199     6.97G      1.22     0.377         0       1.6        12       512     0.806     0.714     0.646     0.757      3.32     0.578         0
   121/199     6.97G      0.98     0.375         0      1.36         8       512     0.848      0.75      0.71     0.796      3.21     0.585         0
   122/199     6.97G     0.965     0.364         0      1.33        10       512     0.874     0.744     0.734     0.804      3.24     0.582         0
   123/199     6.97G      1.23     0.396         0      1.63        11       512     0.793     0.679     0.675     0.731      3.14     0.587         0
   124/199     6.97G     0.729     0.374         0       1.1        10       512     0.769     0.679     0.675     0.721      3.11     0.586         0
   125/199     6.97G      1.79     0.354         0      2.14         9       512     0.827     0.679      0.78     0.746      3.14     0.592         0
   126/199     6.97G     0.944     0.341         0      1.28        10       512      0.83       0.7     0.719      0.76      3.13     0.589         0
   127/199     6.97G      1.49      0.36         0      1.86        10       512     0.864     0.714     0.803     0.782      3.19     0.591         0
   128/199     6.97G       0.9     0.433         0      1.33        13       512     0.863     0.675     0.725     0.757      3.17     0.593         0
   129/199     6.97G     0.861     0.329         0      1.19         9       512     0.863     0.673     0.732     0.756      3.19     0.591         0
   130/199     6.97G     0.895     0.343         0      1.24        11       512     0.908     0.709     0.804     0.796      3.17     0.602         0
   131/199     6.97G      1.14     0.368         0      1.51        12       512     0.908     0.706     0.799     0.794      3.17     0.618         0
   132/199     6.97G      1.16     0.323         0      1.49        10       512     0.907     0.699     0.777     0.789      3.18     0.643         0
   133/199     6.97G     0.627      0.33         0     0.957        10       512     0.908     0.704     0.774     0.793      3.16     0.653         0
   134/199     6.97G     0.857     0.325         0      1.18        11       512     0.861     0.664     0.694      0.75      3.21      0.66         0
   135/199     6.97G     0.565     0.323         0     0.888        10       512     0.908     0.702     0.765     0.792      3.25     0.655         0
   136/199     6.97G       1.4     0.324         0      1.72         5       512     0.843     0.643     0.702     0.729      3.29     0.657         0
   137/199     6.97G     0.938     0.346         0      1.28        10       512     0.911     0.679     0.766     0.778      3.19      0.66         0
   138/199     6.97G     0.873     0.309         0      1.18        12       512     0.952     0.703     0.774     0.809      3.19      0.65         0
   139/199     6.97G      1.16     0.377         0      1.54        11       512     0.871     0.643      0.68      0.74      3.23     0.646         0
   140/199     6.97G     0.846     0.289         0      1.14        12       512     0.903     0.668     0.678     0.768      3.26     0.635         0
   141/199     6.97G      1.39     0.305         0       1.7         8       512     0.952      0.71     0.753     0.813      3.19     0.626         0
   142/199     6.97G      1.66     0.353         0      2.01        10       512     0.905     0.677     0.685     0.774      3.23      0.63         0
   143/199     6.97G     0.838     0.328         0      1.17        12       512     0.952     0.713     0.739     0.815      3.21     0.632         0
   144/199     6.97G      0.81     0.284         0      1.09        12       512     0.943     0.714     0.737     0.813      3.19      0.64         0
   145/199     6.97G      1.09     0.301         0      1.39        11       512     0.952     0.712     0.744     0.815      3.16     0.635         0
   146/199     6.97G      1.12     0.324         0      1.44         9       512     0.924     0.714     0.747     0.806      3.15      0.63         0
   147/199     6.97G      1.08      0.31         0      1.39        12       512      0.91     0.714     0.754       0.8      3.15      0.63         0
   148/199     6.97G      0.55     0.257         0     0.806        11       512     0.885     0.714     0.756     0.791      3.12     0.629         0
   149/199     6.97G     0.816     0.305         0      1.12         9       512     0.884     0.714     0.754      0.79      3.16      0.63         0
   150/199     6.97G     0.492     0.316         0     0.808         7       512     0.855     0.714     0.751     0.778      3.13     0.635         0
   151/199     6.97G      1.07     0.283         0      1.36        11       512     0.918     0.714      0.75     0.804      3.11     0.641         0
   152/199     6.97G     0.488     0.304         0     0.792         8       512     0.924     0.714      0.75     0.806      3.18     0.649         0
   153/199     6.97G     0.458     0.258         0     0.716        12       512     0.913     0.714     0.751     0.802      3.13     0.643         0
   154/199     6.97G      2.18     0.328         0      2.51         9       512     0.925     0.714     0.753     0.806      3.15     0.651         0
   155/199     6.97G       1.9      0.24         0      2.14         9       512     0.936     0.714     0.754      0.81      3.21     0.653         0
   156/199     6.97G      1.07     0.279         0      1.35         8       512     0.939     0.714     0.759     0.811      3.17     0.644         0
   157/199     6.97G      1.05     0.313         0      1.36         9       512     0.938     0.714     0.761     0.811      3.23     0.646         0
   158/199     6.97G      0.74     0.316         0      1.06        11       512      0.94     0.714     0.762     0.812       3.2     0.644         0
   159/199     6.97G     0.729     0.276         0      1.01         8       512     0.953     0.725     0.771     0.824      3.21     0.647         0
   160/199     6.97G       0.5      0.27         0     0.771        11       512     0.953     0.724      0.77     0.823      3.16     0.647         0
   161/199     6.97G     0.745      0.31         0      1.06        12       512     0.954     0.734     0.787     0.829      3.12     0.636         0
   162/199     6.97G     0.714     0.288         0         1        12       512     0.954     0.736     0.788     0.831      3.15     0.632         0
   163/199     6.97G      0.71     0.288         0     0.998        13       512     0.953     0.731     0.784     0.827      3.14     0.636         0
   164/199     6.97G         1     0.274         0      1.28        10       512     0.953     0.728     0.787     0.825      3.14     0.637         0
   165/199     6.97G     0.675     0.255         0      0.93         7       512     0.953     0.729     0.785     0.826      3.15     0.637         0
   166/199     6.97G         1      0.25         0      1.25        11       512     0.934     0.714     0.777      0.81      3.15     0.635         0
   167/199     6.97G     0.714     0.269         0     0.983        10       512     0.936     0.714     0.775      0.81      3.16     0.631         0
   168/199     6.97G      1.58     0.297         0      1.87        10       512      0.93     0.714     0.775     0.808      3.14     0.624         0
   169/199     6.97G     0.754     0.331         0      1.08         9       512     0.954     0.741     0.777     0.834      3.12     0.613         0
   170/199     6.97G     0.718     0.268         0     0.985        10       512     0.954     0.741     0.778     0.834      3.11     0.608         0
   171/199     6.97G     0.689     0.268         0     0.957         8       512     0.954     0.742     0.781     0.835      3.11     0.605         0
   172/199     6.97G     0.409     0.247         0     0.656        12       512     0.954     0.741     0.786     0.834      3.15     0.605         0
   173/199     6.97G      1.56     0.263         0      1.82         7       512      0.92     0.714     0.786     0.804      3.16     0.605         0
   174/199     6.97G     0.425     0.293         0     0.719         6       512     0.919     0.714     0.787     0.804      3.13     0.601         0
   175/199     6.97G     0.676      0.23         0     0.906         6       512      0.91     0.714     0.786       0.8      3.12     0.599         0
   176/199     6.97G      0.94     0.232         0      1.17         7       512     0.892     0.714      0.79     0.793      3.13     0.595         0
   177/199     6.97G     0.714     0.291         0         1        11       512     0.911     0.733     0.791     0.812      3.12     0.594         0
   178/199     6.97G     0.396     0.286         0     0.682        10       512     0.911     0.731      0.79     0.811      3.12     0.594         0
   179/199     6.97G     0.728      0.29         0      1.02        11       512     0.888     0.714     0.792     0.792      3.09     0.596         0
   180/199     6.97G      1.53     0.228         0      1.76         6       512     0.889     0.714     0.794     0.792       3.1     0.592         0
   181/199     6.97G     0.659     0.257         0     0.916         8       512     0.912     0.738     0.797     0.816      3.13     0.592         0
   182/199     6.97G     0.978     0.296         0      1.27        11       512     0.881     0.714     0.795     0.789      3.14     0.593         0
   183/199     6.97G     0.688     0.257         0     0.946         9       512     0.881     0.714     0.794     0.789      3.16     0.597         0
   184/199     6.97G     0.661     0.247         0     0.908        11       512     0.881     0.714     0.794     0.789      3.13     0.595         0
   185/199     6.97G     0.953     0.245         0       1.2         9       512      0.88     0.714     0.794     0.788      3.13     0.599         0
   186/199     6.97G     0.938     0.244         0      1.18        12       512     0.881     0.714     0.794     0.789      3.13     0.602         0
   187/199     6.97G      1.51     0.265         0      1.77        11       512     0.882     0.714     0.794     0.789      3.13       0.6         0
   188/199     6.97G     0.934     0.254         0      1.19        11       512     0.882     0.714     0.794     0.789      3.14     0.597         0
   189/199     6.97G     0.421     0.281         0     0.702        11       512     0.881     0.714     0.792     0.789      3.14     0.599         0
   190/199     6.97G     0.653      0.24         0     0.892         9       512     0.881     0.714     0.791     0.789      3.16     0.599         0
   191/199     6.97G     0.989      0.24         0      1.23        10       512     0.882     0.714     0.792     0.789      3.13     0.602         0
   192/199     6.97G     0.675     0.285         0      0.96        13       512     0.885     0.714     0.791     0.791      3.15     0.603         0
   193/199     6.97G      0.91     0.247         0      1.16        11       512     0.911     0.733     0.791     0.812      3.14     0.605         0
   194/199     6.97G     0.916     0.247         0      1.16         9       512     0.911     0.734     0.795     0.813      3.15     0.609         0
   195/199     6.97G     0.384     0.242         0     0.625        10       512     0.911     0.736     0.796     0.814      3.15     0.606         0
   196/199     6.97G     0.653     0.258         0     0.911        12       512     0.911     0.735     0.798     0.814      3.15     0.602         0
   197/199     6.97G     0.356     0.273         0     0.629        13       512     0.911     0.734     0.798     0.813      3.15     0.601         0
   198/199     6.97G     0.666     0.253         0     0.919        10       512     0.911     0.734     0.799     0.813      3.12     0.598         0
   199/199     6.97G     0.905      0.26         0      1.17         8       512     0.911     0.733     0.799     0.812      3.13     0.603         0
